6
0.692337 0.699972 0.611444 -0.054377 0.586059 
0.861639 0.814036 0.502307 0.125686 0.485433 -0.168475 
0.219111 -0.943797 0.949174 0.944632 0.574727 
0.189644 -0.123249 0.437405 -0.807903 -0.469751 -0.392755 
0.983578 -0.988972 -0.591677 0.228871 0.084162 
-0.717297 -0.616349 -0.075641 -0.937540 0.233718 -0.562383 
0.399992 0.280833 -0.987269 -0.183171 0.238639 
-0.001001 0.753556 0.251654 -0.805532 -0.143069 0.435927 
-0.240329 -0.624320 0.315485 -0.738296 0.735744 
-0.313509 0.813531 0.805614 -0.213891 0.628899 0.946652 
-0.839476 -0.342342 -0.111659 -0.312334 0.986772 
